   1   0   1       0.64666598E-03
   1   0   2      -0.18288196E-04
   1   0   3      -0.18124707E-02
   1   0   4      -0.27608373E-02
   1   0   5      -0.43196524E-02
   1   0   6      -0.51350161E-02
   1   1   1       0.54727186E-03
   1   1   2       0.86090358E-05
   1   1   3      -0.14230687E-02
   1   1   4      -0.21540450E-02
   1   1   5      -0.32755875E-02
   1   1   6      -0.35066912E-02
   1   2   1       0.72313659E-03
   1   2   2      -0.78551720E-05
   1   2   3      -0.20108195E-02
   1   2   4      -0.30903204E-02
   1   2   5      -0.49328911E-02
   1   2   6      -0.62693316E-02
   2   0   1       0.18792389E-04
   2   0   2       0.42427095E-04
   2   0   3       0.68363704E-04
   2   0   4       0.73859519E-04
   2   0   5       0.71496688E-04
   2   0   6       0.32329197E-04
   2   1   1       0.15199827E-04
   2   1   2       0.34348988E-04
   2   1   3       0.53501099E-04
   2   1   4       0.56079884E-04
   2   1   5       0.49546485E-04
   2   1   6       0.14070249E-04
   2   2   1       0.20790892E-04
   2   2   2       0.47148875E-04
   2   2   3       0.77432378E-04
   2   2   4       0.85101470E-04
   2   2   5       0.86898879E-04
   2   2   6       0.50972507E-04
   3   0   1      -0.71416878E-06
   3   0   2      -0.11764782E-05
   3   0   3      -0.15595884E-05
   3   0   4      -0.16057228E-05
   3   0   5      -0.15087929E-05
   3   0   6      -0.10306418E-05
   3   1   1      -0.58219865E-06
   3   1   2      -0.92879088E-06
   3   1   3      -0.11226591E-05
   3   1   4      -0.10885609E-05
   3   1   5      -0.89587598E-06
   3   1   6      -0.49284745E-06
   3   2   1      -0.78597145E-06
   3   2   2      -0.13168459E-05
   3   2   3      -0.18330112E-05
   3   2   4      -0.19480626E-05
   3   2   5      -0.19658560E-05
   3   2   6      -0.14970617E-05
