   1   1   1       0.49672606E-04
   1   1   2      -0.23546441E-03
   1   1   3       0.32650150E-04
   1   1   4      -0.15816801E-03
   1   1   5      -0.70359424E-03
   1   1   6      -0.31417492E-02
   1   2   1       0.38574983E-02
   1   2   2       0.41764951E-02
   1   2   3       0.50632986E-02
   1   2   4       0.52289590E-02
   1   2   5       0.56383167E-02
   1   2   6       0.60131140E-02
   2   1   1      -0.30336253E-03
   2   1   2      -0.27686646E-03
   2   1   3      -0.36593547E-03
   2   1   4      -0.32865611E-03
   2   1   5      -0.21767340E-03
   2   1   6       0.40696684E-03
   2   2   1      -0.51084440E-03
   2   2   2      -0.62075100E-03
   2   2   3      -0.74132398E-03
   2   2   4      -0.77014870E-03
   2   2   5      -0.84374397E-03
   2   2   6      -0.70015807E-03
   3   1   1       0.56050583E-04
   3   1   2       0.57358266E-04
   3   1   3       0.66280736E-04
   3   1   4       0.59694245E-04
   3   1   5       0.40065879E-04
   3   1   6      -0.33327302E-04
   3   2   1       0.48946913E-04
   3   2   2       0.68260742E-04
   3   2   3       0.85444561E-04
   3   2   4       0.91144582E-04
   3   2   5       0.10673448E-03
   3   2   6       0.12607455E-03
   4   1   1      -0.28640784E-05
   4   1   2      -0.29436449E-05
   4   1   3      -0.34070451E-05
   4   1   4      -0.30135486E-05
   4   1   5      -0.18476937E-05
   4   1   6       0.12652030E-05
   4   2   1      -0.15055219E-05
   4   2   2      -0.24798182E-05
   4   2   3      -0.32822461E-05
   4   2   4      -0.36296667E-05
   4   2   5      -0.46125251E-05
   4   2   6      -0.72733851E-05
   5   1   1       0.48880263E-07
   5   1   2       0.48942081E-07
   5   1   3       0.58123060E-07
   5   1   4       0.50414862E-07
   5   1   5       0.27682999E-07
   5   1   6      -0.16750304E-07
   5   2   1       0.12030567E-07
   5   2   2       0.28015490E-07
   5   2   3       0.40194998E-07
   5   2   4       0.47017959E-07
   5   2   5       0.66731523E-07
   5   2   6       0.13573657E-06
