   1   1   1   1       0.44663307E-06
   1   1   1   2       0.49613176E-04
   1   1   1   3      -0.48868642E-04
   1   1   1   4      -0.10245874E-03
   1   1   1   5      -0.24116256E-03
   1   1   1   6      -0.24116256E-03
   1   1   2   1       0.21731405E-04
   1   1   2   2      -0.22069922E-04
   1   1   2   3       0.39587219E-04
   1   1   2   4       0.13408970E-04
   1   1   2   5      -0.54346521E-04
   1   1   2   6      -0.54346521E-04
   1   1   3   1      -0.84873718E-04
   1   1   3   2      -0.84873718E-04
   1   1   3   3      -0.32934975E-04
   1   1   3   4       0.47566966E-04
   1   1   3   5       0.25592500E-03
   1   1   3   6       0.25592500E-03
   1   1   4   1       0.00000000E+00
   1   1   4   2       0.00000000E+00
   1   1   4   3       0.00000000E+00
   1   1   4   4       0.00000000E+00
   1   1   4   5       0.00000000E+00
   1   1   4   6       0.00000000E+00
   1   2   1   1       0.22186327E-03
   1   2   1   2       0.14821348E-03
   1   2   1   3       0.12186049E-03
   1   2   1   4       0.15346077E-03
   1   2   1   5       0.23524978E-03
   1   2   1   6       0.23524978E-03
   1   2   2   1      -0.35026164E-05
   1   2   2   2      -0.80905847E-04
   1   2   2   3       0.26503610E-03
   1   2   2   4       0.39375678E-03
   1   2   2   5       0.72691630E-03
   1   2   2   6       0.72691630E-03
   1   2   3   1      -0.19053108E-03
   1   2   3   2      -0.19053108E-03
   1   2   3   3       0.16613893E-03
   1   2   3   4       0.15825529E-03
   1   2   3   5       0.13785057E-03
   1   2   3   6       0.13785057E-03
   1   2   4   1       0.94933239E-04
   1   2   4   2       0.94933239E-04
   1   2   4   3       0.16233677E-03
   1   2   4   4       0.15428801E-03
   1   2   4   5       0.13345591E-03
   1   2   4   6       0.13345591E-03
   2   1   1   1       0.33431382E-06
   2   1   1   2      -0.29099067E-04
   2   1   1   3      -0.22677932E-05
   2   1   1   4       0.19732288E-04
   2   1   1   5       0.76673692E-04
   2   1   1   6       0.76673692E-04
   2   1   2   1      -0.15405183E-05
   2   1   2   2       0.89218038E-05
   2   1   2   3      -0.28833932E-04
   2   1   2   4      -0.14545601E-04
   2   1   2   5       0.22435977E-04
   2   1   2   6       0.22435977E-04
   2   1   3   1       0.53529453E-04
   2   1   3   2       0.53529453E-04
   2   1   3   3       0.43297721E-04
   2   1   3   4       0.27295184E-05
   2   1   3   5      -0.10227057E-03
   2   1   3   6      -0.10227057E-03
   2   1   4   1       0.00000000E+00
   2   1   4   2       0.00000000E+00
   2   1   4   3       0.00000000E+00
   2   1   4   4       0.00000000E+00
   2   1   4   5       0.00000000E+00
   2   1   4   6       0.00000000E+00
   2   2   1   1      -0.11805293E-03
   2   2   1   2      -0.71595379E-04
   2   2   1   3      -0.63971354E-04
   2   2   1   4      -0.80840611E-04
   2   2   1   5      -0.12450223E-03
   2   2   1   6      -0.12450223E-03
   2   2   2   1       0.10205239E-04
   2   2   2   2       0.60693015E-04
   2   2   2   3      -0.93256836E-04
   2   2   2   4      -0.14661737E-03
   2   2   2   5      -0.28472705E-03
   2   2   2   6      -0.28472705E-03
   2   2   3   1       0.10971400E-03
   2   2   3   2       0.10971400E-03
   2   2   3   3      -0.43971366E-04
   2   2   3   4      -0.36120793E-04
   2   2   3   5      -0.15801656E-04
   2   2   3   6      -0.15801656E-04
   2   2   4   1      -0.39120099E-04
   2   2   4   2      -0.39120099E-04
   2   2   4   3      -0.71377857E-04
   2   2   4   4      -0.71253526E-04
   2   2   4   5      -0.70931717E-04
   2   2   4   6      -0.70931717E-04
   3   1   1   1       0.31258687E-05
   3   1   1   2       0.90591257E-05
   3   1   1   3       0.99473518E-05
   3   1   1   4       0.81941398E-05
   3   1   1   5       0.36564124E-05
   3   1   1   6       0.36564124E-05
   3   1   2   1       0.74374321E-06
   3   1   2   2       0.46987260E-07
   3   1   2   3       0.66159732E-05
   3   1   2   4       0.50975082E-05
   3   1   2   5       0.11673627E-05
   3   1   2   6       0.11673627E-05
   3   1   3   1      -0.11660517E-04
   3   1   3   2      -0.11660517E-04
   3   1   3   3      -0.13382161E-04
   3   1   3   4      -0.87981016E-05
   3   1   3   5       0.30665285E-05
   3   1   3   6       0.30665285E-05
   3   1   4   1       0.00000000E+00
   3   1   4   2       0.00000000E+00
   3   1   4   3       0.00000000E+00
   3   1   4   4       0.00000000E+00
   3   1   4   5       0.00000000E+00
   3   1   4   6       0.00000000E+00
   3   2   1   1       0.16871822E-04
   3   2   1   2       0.10199168E-04
   3   2   1   3       0.93409990E-05
   3   2   1   4       0.10884807E-04
   3   2   1   5       0.14880548E-04
   3   2   1   6       0.14880548E-04
   3   2   2   1      -0.52863638E-05
   3   2   2   2      -0.14250024E-04
   3   2   2   3       0.14160474E-05
   3   2   2   4       0.71786048E-05
   3   2   2   5       0.22093463E-04
   3   2   2   6       0.22093463E-04
   3   2   3   1      -0.19771194E-04
   3   2   3   2      -0.19771194E-04
   3   2   3   3      -0.54227398E-05
   3   2   3   4      -0.64421215E-05
   3   2   3   5      -0.90805215E-05
   3   2   3   6      -0.90805215E-05
   3   2   4   1       0.16441799E-05
   3   2   4   2       0.16441799E-05
   3   2   4   3       0.54205384E-05
   3   2   4   4       0.63266089E-05
   3   2   4   5       0.86717337E-05
   3   2   4   6       0.86717337E-05
   4   1   1   1      -0.19933589E-06
   4   1   1   2      -0.57370295E-06
   4   1   1   3      -0.75155987E-06
   4   1   1   4      -0.69798637E-06
   4   1   1   5      -0.55932554E-06
   4   1   1   6      -0.55932554E-06
   4   1   2   1      -0.33289908E-07
   4   1   2   2      -0.24104727E-07
   4   1   2   3      -0.40818077E-06
   4   1   2   4      -0.33867266E-06
   4   1   2   5      -0.15876930E-06
   4   1   2   6      -0.15876930E-06
   4   1   3   1       0.68392279E-06
   4   1   3   2       0.68392279E-06
   4   1   3   3       0.87502411E-06
   4   1   3   4       0.65025108E-06
   4   1   3   5       0.68485420E-07
   4   1   3   6       0.68485420E-07
   4   1   4   1       0.00000000E+00
   4   1   4   2       0.00000000E+00
   4   1   4   3       0.00000000E+00
   4   1   4   4       0.00000000E+00
   4   1   4   5       0.00000000E+00
   4   1   4   6       0.00000000E+00
   4   2   1   1      -0.89407558E-06
   4   2   1   2      -0.54157493E-06
   4   2   1   3      -0.52439384E-06
   4   2   1   4      -0.57535118E-06
   4   2   1   5      -0.70724082E-06
   4   2   1   6      -0.70724082E-06
   4   2   2   1       0.38286424E-06
   4   2   2   2       0.88631339E-06
   4   2   2   3       0.29850716E-06
   4   2   2   4       0.56981737E-07
   4   2   2   5      -0.56814309E-06
   4   2   2   6      -0.56814309E-06
   4   2   3   1       0.11088799E-05
   4   2   3   2       0.11088799E-05
   4   2   3   3       0.68209715E-06
   4   2   3   4       0.74370047E-06
   4   2   3   5       0.90314438E-06
   4   2   3   6       0.90314438E-06
   4   2   4   1       0.21231498E-07
   4   2   4   2       0.21231498E-07
   4   2   4   3      -0.12656423E-06
   4   2   4   4      -0.20246378E-06
   4   2   4   5      -0.39890975E-06
   4   2   4   6      -0.39890975E-06
   5   1   1   1       0.35517460E-08
   5   1   1   2       0.11033209E-07
   5   1   1   3       0.15539959E-07
   5   1   1   4       0.14989700E-07
   5   1   1   5       0.13565502E-07
   5   1   1   6       0.13565502E-07
   5   1   2   1       0.30436684E-09
   5   1   2   2       0.57111965E-09
   5   1   2   3       0.78790583E-08
   5   1   2   4       0.66869505E-08
   5   1   2   5       0.36014940E-08
   5   1   2   6       0.36014940E-08
   5   1   3   1      -0.12762158E-07
   5   1   3   2      -0.12762158E-07
   5   1   3   3      -0.17409285E-07
   5   1   3   4      -0.13348521E-07
   5   1   3   5      -0.28383049E-08
   5   1   3   6      -0.28383049E-08
   5   1   4   1       0.00000000E+00
   5   1   4   2       0.00000000E+00
   5   1   4   3       0.00000000E+00
   5   1   4   4       0.00000000E+00
   5   1   4   5       0.00000000E+00
   5   1   4   6       0.00000000E+00
   5   2   1   1       0.16027347E-07
   5   2   1   2       0.97145101E-08
   5   2   1   3       0.99750608E-08
   5   2   1   4       0.10505288E-07
   5   2   1   5       0.11877642E-07
   5   2   1   6       0.11877642E-07
   5   2   2   1      -0.78728268E-08
   5   2   2   2      -0.16933987E-07
   5   2   2   3      -0.96476303E-08
   5   2   2   4      -0.61201426E-08
   5   2   2   5       0.30098284E-08
   5   2   2   6       0.30098284E-08
   5   2   3   1      -0.19698028E-07
   5   2   3   2      -0.19698028E-07
   5   2   3   3      -0.16915052E-07
   5   2   3   4      -0.18240188E-07
   5   2   3   5      -0.21669951E-07
   5   2   3   6      -0.21669951E-07
   5   2   4   1      -0.14752856E-08
   5   2   4   2      -0.14752856E-08
   5   2   4   3       0.30047589E-09
   5   2   4   4       0.19780402E-08
   5   2   4   5       0.63199730E-08
   5   2   4   6       0.63199730E-08
